Integrated_Authority_File=0.0176905039145854
National_Diet_Library=0.01162486667948503
United_States=0.010907814429416702
Japan=0.0100503269495751
Renewable_energy=0.008548461349647058
United_Kingdom=0.007938335646621325
European_Union=0.007258211194103398
Germany=0.0062650680488222565
France=0.00623429793464333
Efficient_energy_use=0.0054960797992543225
Carbon_dioxide=0.005268909005492318
Natural_gas=0.005178143801726944
Nuclear_power=0.004737617952314133
Italy=0.004575824811322318
Wind_power=0.0044449080849415625
Biofuel=0.004407958812672718
Climate_change=0.004395752959335694
Hydrogen=0.0043386233045002425
Netherlands=0.004092257248666767
Fossil_fuel=0.004042499926471904
Biomass=0.0040249327323886724
Greenhouse_gas=0.004010920714460822
Brazil=0.003993669607319873
Sustainability=0.003924318520999886
Global_warming=0.003910645798627112
Coal=0.0038744046005059515
Hydroelectricity=0.0038554220611200798
Petroleum=0.0037417809664043
Spain=0.003732950301174953
Energy_conservation=0.0036789308870318225
Solar_energy=0.003512110187040683
Temperature=0.003469263763156721
Cogeneration=0.0034011470184880676
Emissions_trading=0.0033988738715052644
Heat=0.003383616757130914
Oxygen=0.0032773475909147224
Israel=0.0032238962613752257
Denmark=0.003216642160511529
Portugal=0.003206648967052927
California=0.003202097164190334
Turkey=0.0031742478400684257
Sustainable_development=0.0030614879174884675
Electricity=0.003047442988084465
Biodiversity=0.0029334160336142827
Tidal_power=0.0028423259250730413
Solar_power=0.00283450673675922
Poland=0.0028032194491029653
United_States_Department_of_Energy=0.0027919224529557437
Africa=0.002788157285711538
Philippines=0.0027315185775350598